 2 4 250.0 1262.5 6.5651  ** pour routine infra, morcrette,these,1984 **
 -0.577350269  0.577350269
 1.0 1.0
 6 6 6 6 6 6 4 4 6 6 6 6 4 4 4 4
 0.145e-02 -.308e-05 0.924e-02 -.245e-04 0.380e-02 -.167e-06
 0.198e-01 -.510e-04 0.131e-02 -.383e-05
 0.9589800e+02 0.3129100e+03 0.5046800e+03
 0.6756300e+03 0.4896500e+03 -.2156400e+02
 0.1251600e+01 0.4030800e+01 0.8121400e+01
 0.8161700e+01 -.6575800e+00 -.3019300e+01
 0.7360400e+02 0.2788900e+03 0.2708400e+03
 -.5770100e+02 -.6577400e+02 0.9082900e+02
 0.1115500e+01 0.2164500e+01 -.6844800e+00
 -.9381000e+00 0.1697500e+01 -.1081600e+01
 0.3705100e+02 0.2049800e+03 0.3755400e+03
 0.1742100e+03 -.1328600e+03 -.3947100e+02
 0.8200200e+00 0.3009700e+01 0.2077400e+01
 -.2394400e+01 -.5813600e+00 0.2493600e+01
 0.1493100e+02 0.8915400e+02 0.1778500e+03
 0.9379800e+02 -.6953100e+02 -.2979400e+02
 0.3566700e+00 0.1426300e+01 0.1116900e+01
 -.1285400e+01 -.4585900e+00 0.1607300e+01
 .8176400e-11 .5803600e-06 .1331700e-02     **  ga  **
 .2171200e+00 .2379900e+01 .1082700e+01
 .1365200e-10 .9654700e-06 .2182300e-02
 .3372400e+00 .3749600e+01 .1784000e+01
 .9512700e-13 .1217500e-07 .6462400e-04
 .2910900e-01 .1350500e+01 .3818100e+01
 .8540000e-13 .1091400e-07 .5772600e-04
 .2578400e-01 .1185800e+01 .3265700e+01
 .7943500e-16 .4593800e-13 .7797800e-10
 .1484200e-07 .2722600e-04 .8613000e-02
 .7359600e-16 .4013900e-13 .7141100e-10
 .1255300e-07 .2632100e-04 .8605800e-02
 .3981600e-01-.5456100e-01 .2628300e-01-.4420200e-02
 .4833700e-01-.6635800e-01 .3202200e-01-.5394100e-02
 .1387200e-04 .7845700e-01 .1590800e+02
 .2549800e+03 .3637600e+03 .3348000e+02
 .1547600e-04 .8755200e-01 .1776500e+02
 .2852900e+03 .4083800e+03 .3727200e+02
 .3797200e-02 .7862100e+01 .6513700e+03
 .4929000e+04 .3820200e+04 .2217800e+03
 .3569300e-02 .7390300e+01 .6123300e+03
 .4634600e+04 .3594600e+04 .2093500e+03
 .1602500e-10 .2277600e-06 .3344600e-03 .1770100e-01
 .1754500e-09 .2177400e-05 .2124800e-02 .6251200e-01
 .3452500e-04-.1895900e-03 .3434700e-03-.1974500e-03
 .5603100e-04-.3272600e-03 .6340200e-03-.3831500e-03
 .8176400e-11 .6212500e-06 .1740800e-02     **  gb  **
 .4217500e+00 .9333000e+01 .1725600e+02
 .1365200e-10 .1017500e-05 .2703400e-02
 .6015900e+00 .1288000e+02 .2191600e+02
 .9512700e-13 .1274800e-07 .7494100e-04
 .4147100e-01 .2489400e+01 .1153100e+02
 .8540000e-13 .1144700e-07 .6733100e-04
 .3730500e-01 .2252200e+01 .1055300e+02
 .7943500e-16 .1450200e-12 .1048400e-09
 .5631500e-07 .4439300e-04 .2306500e-01
 .7359600e-16 .1322400e-12 .9309100e-10
 .5040900e-07 .4254400e-04 .2273200e-01
 .3981600e-01 .3101900e+00 .8426700e+00 .2121600e+00
 .4833700e-01 .3538900e+00 .8415500e+00 .2898000e+00
 .1387200e-04 .7950400e-01 .1682500e+02
 .3044900e+03 .5896800e+03 .1073100e+03
 .1547600e-04 .8862200e-01 .1870200e+02
 .3358600e+03 .6386600e+03 .1125600e+03
 .3797200e-02 .7884600e+01 .6589800e+03
 .5111800e+04 .4264500e+04 .3220300e+03
 .3569300e-02 .7413000e+01 .6200000e+03
 .4818900e+04 .4042400e+04 .3103500e+03
 .1602500e-10 .2992400e-06 .6653200e-03 .1782000e+00
 .1754500e-09 .2488300e-05 .3184300e-02 .3803700e+00
 .3452500e-04 .2159300e-02 .2386200e-01 .7401700e-01
 .5603100e-04 .3204000e-02 .2884800e-01 .1398200e+00
