 0.610 0.930 0.000          * pour subrou solar *
6.653000000d-05             * 1xco2   lille     *
1.228000000d-01             * manuscript erice 86*
1.434000000d+01
1.028000000d+02
3.309000000d+01
0.000000000d+00
6.074323894d+06
2.379915061d+08
1.978907838d+08
7.973068584d+06
1.221333677d+04
0.000000000d+00
4.875000000d-04
6.493000000d-01
8.363000000d+01
6.305000000d+02
7.929000000d+01
0.000000000d+00
6.653000000d-05
1.243000000d-01
1.534000000d+01
1.289000000d+02
6.193000000d+01
1.000000000d+00
6.074323894d+06
2.392851737d+08
2.070297278d+08
9.314161596d+06
1.966084935d+04
1.000000000d+00
4.875000000d-04
6.499000000d-01
8.435000000d+01
6.443000000d+02
9.864000000d+01
1.000000000d+00
