   1          0.00333077           5.1990790           87.195000        
   2          0.01627522           7.3460910          193.788772        
   3          0.00988829          17.2205460          320.199637        
   4         -0.01300660          17.8572630          308.307024        
   5          0.01860798           4.2072050           28.620089        
   6          0.00140015          26.2167580          128.443387        
   7          0.00064990           3.0651810          114.860583        
   8          0.00001250           0.6678630           72.108838        
   9          0.00037800          18.4939800          296.414411        
  10          0.00059900          16.5838290          332.092251        
  11         -0.00033700           6.1909530          145.769910        
  12         -0.00017400           6.1860010          126.839891        
  13          0.00100700           6.3591690          154.143880        
  14         -0.00012400          18.4174410          210.667199        
  15          0.00018200          17.4255670          152.092288        
  16         -0.00235400          18.2310760          349.129677        
  17          0.00027600          18.8677930          337.237063        
  18          0.00085700          16.2100160          291.269597        
  19         -0.00336700          16.8467330          279.376984        
    1      0.0186080       54.646478       32.012595          23716.    
    2      0.0162752       57.785364      197.181278          22428.    
    3     -0.0130066       68.296536      311.699530          18976.    
    4      0.0098883       67.659819      323.592144          19155.    
    5     -0.0033670       67.286006      282.769490          19261.    
    6      0.0033308       55.638352       90.587506          23293.    
    7     -0.0023540       68.670349      352.522183          18873.    
    8      0.0014002       76.656031      131.835893          16907.    
    9      0.0010070       56.798442      157.536386          22818.    
   10      0.0008570       66.649289      294.662103          19445.    
   11      0.0006499       53.504454      118.253089          24222.    
   12      0.0005990       67.023102      335.484757          19337.    
   13      0.0003780       68.933253      299.806917          18801.    
   14     -0.0003370       56.630226      149.162416          22885.    
   15      0.0003334       86.256452      283.915140          15025.    
   16      0.0003334       23.036504      320.110050          56259.    
   17      0.0002916       89.395338       89.083823          14497.    
   18      0.0002916       26.175390      125.278733          49512.    
   19      0.0002760       69.307066      340.629569          18699.    
   20     -0.0002330       99.906510      203.602075          12972.    
   21     -0.0002330       36.686562      239.796985          35326.    
   22      0.0001820       67.864840      155.484794          19097.    
   23      0.0001772       99.269793      215.494689          13055.    
   24      0.0001772       36.049845      251.689599          35950.    
   25     -0.0001740       56.625274      130.232397          22887.    
   26     -0.0001240       68.856714      214.059705          18822.    
   27      0.0001153       87.266982      312.845179          14851.    
   28      0.0001153       22.025974      291.180011          58840.    
   29      0.0001008       90.405868      118.013863          14335.    
   30      0.0001008       25.164860       96.348694          51500.    
   31      0.0000912       78.818681      160.318302          16443.    
   32      0.0000912       30.474275       83.706888          42528.    
   33     -0.0000806      100.917040      232.532115          12842.    
   34     -0.0000806       35.676032      210.866946          36327.    
   35      0.0000798       81.957567      325.486986          15813.    
   36      0.0000798       33.613161      248.875571          38556.    
   37     -0.0000638       92.468739       80.005238          14016.    
   38     -0.0000638       44.124333        3.393823          29372.    
   39      0.0000612      100.280323      244.424728          12924.    
   40      0.0000612       35.039315      222.759559          36987.    
   41     -0.0000603       98.895980      174.672035          13105.    
   42     -0.0000603       35.676032      210.866945          36327.    
   43      0.0000597       87.248326      342.490051          14854.    
   44      0.0000597       24.028378       18.684961          53936.    
   45      0.0000559       86.630265      324.737793          14960.    
   46      0.0000559       22.662691      279.287397          57187.    
   47      0.0000489       89.769151      129.906476          14437.    
   48      0.0000489       25.801577       84.456080          50229.    
   49      0.0000485       91.832022       91.897851          14113.    
   50      0.0000485       43.487616       15.286436          29802.    
   51     -0.0000422      100.280323      244.424728          12924.    
   52     -0.0000422       37.060375      280.619638          34970.    
   53     -0.0000420       85.619735      295.807753          15137.    
   54     -0.0000420       23.673221      308.217436          54745.    
   55      0.0000394       99.474814       47.387339          13028.    
   56      0.0000394        9.818142      196.637851         132001.    
   57     -0.0000391      100.280323      244.424728          12924.    
   58     -0.0000391       36.312749      198.974332          35690.    
   59     -0.0000368       88.758621      100.976437          14601.    
   60     -0.0000368       26.812107      113.386120          48336.    
   61      0.0000344      102.613700      212.556022          12630.    
   62      0.0000344       12.957028        1.806534         100023.    
   63      0.0000297       99.643606      256.317341          13006.    
   64      0.0000297       35.676032      210.866946          36327.    
   65      0.0000294       99.269793      215.494689          13055.    
   66      0.0000294       37.323279      227.904372          34724.    
   67     -0.0000275      113.124872      327.074274          11456.    
   68     -0.0000275       23.468200      116.324786          55224.    
   69      0.0000251      108.266005       23.738438          11971.    
   70      0.0000251       45.046057       59.933348          28771.    
   71     -0.0000223       98.633076      227.387302          13140.    
   72     -0.0000223       36.686562      239.796985          35326.    
   73      0.0000209      112.488155      338.966887          11521.    
   74     -0.0000209       99.906510      203.602074          12972.    
   75      0.0000209       22.831483      128.217400          56764.    
   76     -0.0000209       34.665502      181.936906          37386.    
   77      0.0000206       88.258856       11.420090          14684.    
   78      0.0000206       98.314724      340.438459          13182.    
   79      0.0000206       23.017848      349.754922          56304.    
   80      0.0000206       10.978232      263.586731         118052.    
   81      0.0000180      101.453610      145.607142          12774.    
   82      0.0000180       88.408416       49.438931          14659.    
   83      0.0000180       14.117118       68.755414          91803.    
   84      0.0000180       25.188468       85.633841          51452.    
   85     -0.0000165       91.458209       51.075197          14170.    
   86     -0.0000165       43.113803      334.463783          30060.    
   87      0.0000163       79.810555      218.893213          16238.    
   88      0.0000163       31.466149      142.281799          41187.    
   89      0.0000156       86.893169      272.022527          14915.    
   90      0.0000156       22.399787      332.002663          57858.    
   91      0.0000154       98.259263      186.564648          13190.    
   92      0.0000154       35.039315      222.759558          36987.    
   93     -0.0000146      101.290853      273.354767          12795.    
   94     -0.0000146       36.049845      251.689599          35950.    
   95     -0.0000144      111.964782      260.125394          11575.    
   96     -0.0000144       24.628290      183.273666          52622.    
   97     -0.0000138       85.245922      254.985101          15203.    
   98     -0.0000138       24.047034      349.040089          53894.    
   99      0.0000137       90.032055       77.191210          14395.    
  100      0.0000137       25.538673      137.171347          50747.    
  101      0.0000125       51.107136       75.501344          25358.    
  102     -0.0000121       88.384808       60.153784          14663.    
  103     -0.0000121       27.185920      154.208772          47672.    
  104      0.0000116       85.114428       10.155634          15227.    
  105      0.0000116       21.894480       46.350544          59193.    
  106     -0.0000115       92.842552      120.827890          13959.    
  107     -0.0000115       44.498146       44.216476          29125.    
  108      0.0000110      111.328065      272.018008          11641.    
  109      0.0000110       23.991573      195.166280          54019.    
  110     -0.0000109      100.543227      191.709462          12890.    
  111     -0.0000109       36.049845      251.689599          35950.    
  112      0.0000107       98.633076      227.387302          13140.    
  113      0.0000107       35.413128      263.582212          36597.    
  114     -0.0000101       99.269793      215.494688          13055.    
  115     -0.0000101       35.302219      170.044292          36712.    
  116      0.0000100       87.622139       23.312704          14791.    
  117      0.0000100       23.654565      337.862308          54789.    
    1  -2462.2214466   31.609974    251.9025      41000.                
    2   -857.3232075   32.620504    280.8325      39730.                
    3   -629.3231835   24.172203    128.3057      53615.                
    4   -414.2804924   31.983787    292.7252      40521.                
    5   -311.7632587   44.828336     15.3747      28910.                
    6    308.9408604   30.973257    263.7951      41843.                
    7   -162.5533601   43.668246    308.4258      29678.                
    8   -116.1077911   32.246691    240.0099      40190.                
    9    101.1189923   30.599444    222.9725      42354.                
   10    -67.6856209   42.681324    268.7809      30365.                
   11     24.9079067   43.836462    316.7998      29564.                
   12     22.5811241   47.439436    319.6024      27319.                
   13    -21.1648355   63.219948    143.8050      20500.                
   14    -15.6549876   64.230478    172.7351      20177.                
   15     15.3936813    1.010530     28.9300    1282495.                
   16     14.6660938    7.437771    123.5968     174246.                
   17    -11.7273029   55.782177     20.2082      23233.                
   18     10.2742696    0.373813     40.8226    3466974.                
   19      6.4914588   13.218362    123.4722      98045.                
   20      5.8539148   62.583231    155.6977      20708.                
   21     -5.4872205   63.593761    184.6277      20379.                
   22     -5.4290191   76.438310    267.2772      16955.                
   23      5.1609570   45.815258     55.0196      28288.                
   24      5.0786314    8.448301    152.5268     153404.                
   25     -4.0735782   56.792707     49.1382      22820.                
   26      3.7227167   49.747842    204.6609      26051.                
   27      3.3971932   12.058272     56.5233     107478.                
   28     -2.8347004   75.278220    200.3284      17216.                
   29     -2.6550721   65.241008    201.6651      19865.                
   30     -2.5717867   64.604291    213.5577      20061.                
   31     -2.4712188    1.647247     17.0374     786767.                
   32      2.4625410    7.811584    164.4194     165907.                
   33      2.2464112   12.207832     94.5422     106161.                
   34     -2.0755511   63.856665    131.9124      20295.                
   35     -1.9713669   56.155990     61.0309      23079.                
   36     -1.8813061   77.448840    296.2073      16734.                
   37     -1.8468785    6.801054    135.4894     190559.                
   38      1.8186742   62.209418    114.8750      20833.                
   39      1.7601888   20.656133    247.0691      62742.                
   40     -1.5428851   48.344406    256.6114      26808.                
   41      1.4738838   55.145460     32.1008      23501.                
   42     -1.4593669   69.000539    143.6804      18782.                
   43      1.4192259   11.071350     16.8784     117059.                
   44     -1.1818980   74.291298    160.6835      17445.                
   45      1.1756474   11.047742     27.5932     117309.                
   46     -1.1316126    0.636717    348.1074    2035441.                
   47      1.0896928   12.844549     82.6496     100899.                
   48     -0.9823868   76.288750    229.2584      16988.                
   49      0.9323107   62.957044    196.5203      20585.                
   50      0.9209693   19.496043    180.1201      66475.                
   51     -0.9118022   76.812123    308.0999      16872.                
   52     -0.8178123   13.855079    111.5796      93540.                
   53     -0.7761813    2.021060     57.8600     641248.                
   54     -0.7614386   67.840449     76.7315      19104.                
   55     -0.7200970   64.867195    160.8425      19979.                
   56      0.6891756    8.074488    111.7042     160506.                
   57      0.6833857   75.801593    279.1699      17097.                
   58     -0.6227480   63.967574    225.4504      20260.                
   59     -0.6058268    6.427241     94.6668     201642.                
   60      0.5702768   11.684459     15.7006     110917.                
   61     -0.5521588   56.418894      8.3156      22971.                
   62     -0.5202638   12.226488     64.8972     105999.                
   63      0.4911534   10.060820    347.9484     128817.                
   64      0.4829093   54.771647    351.2782      23662.                
   65     -0.4761024   75.652033    241.1510      17131.                
   66     -0.4665676   15.829462     67.6999      81873.                
   67      0.4342657   75.446436    208.7023      17178.                
   68     -0.4279816   12.694989     44.6307     102088.                
   69      0.4279723    0.262904    307.2848    4929556.                
   70     -0.4096269   75.301828    189.6135      17211.                
   71      0.4051415    1.160090     66.9489    1117155.                
   72      0.3921566   79.049410    211.5050      16395.                
   73      0.3846757   18.509121    140.4752      70020.                
   74     -0.3764230    1.384343     69.7526     936184.                
   75      0.3568022   74.641503    212.2210      17363.                
   76     -0.3488923   61.946514    167.5903      20921.                
   77     -0.3421817   88.496582    323.8006      14645.                
   78     -0.3296441   89.656672     30.7494      14455.                
   79     -0.3210867    1.273434    336.2148    1017721.                
   80     -0.3172680   66.853527     37.0866      19386.                
   81      0.3049133   12.581645    135.3649     103007.                
   82     -0.2683347   14.228892    152.4023      91082.                
   83     -0.2552270   77.075027    255.3846      16815.                
   84      0.2382431   10.697537    336.0558     121149.                
   85     -0.2287187   61.572701    126.7676      21048.                
   86      0.2241177   75.427780    238.3472      17182.                
   87     -0.1985115   74.665111    201.5061      17358.                
   88     -0.1800441   11.215958     35.9672     115550.                
   89     -0.1787930   11.708067      4.9858     110693.                
   90      0.1626026    2.147012    106.5938     603630.                
   91     -0.1614510   14.818932     38.7699      87456.                
   92      0.1595734   11.421555     68.4159     113470.                
   93      0.1504961   76.456966    237.6324      16951.                
   94      0.1487575   73.654581    172.5761      17596.                
   95     -0.1437769   87.509660    284.1557      14810.                
   96     -0.1410464   19.664259    188.4941      65906.                
   97     -0.1404250   13.068802     85.4533      99167.                
   98      0.1358688   80.059940    240.4350      16188.                
   99     -0.1332711   75.914937    188.4358      17072.                
  100     -0.1265681   23.267233    191.2967      55701.                
  101      0.1170101   74.267690    171.3983      17450.                
  102      0.1166622   68.008665     85.1055      19056.                
  103     -0.1071372   14.205284    163.1171      91234.                
  104      0.1055740   71.611639     87.9082      18098.                
    1   7391.0225890   31.609974    251.9025      41000.                
    2   2555.1526947   32.620504    280.8325      39730.                
    3   2022.7629188   24.172203    128.3057      53615.                
    4  -1973.6517951    0.636717    348.1074    2035441.                
    5   1240.2321818   31.983787    292.7252      40521.                
    6    953.8679112    3.138886    165.1686     412885.                
    7   -931.7537108   30.973257    263.7951      41843.                
    8    872.3795383   44.828336     15.3747      28910.                
    9    606.3544732    0.991874     58.5749    1306618.                
   10   -496.0274038    0.373813     40.8226    3466974.                
   11    456.9608039   43.668246    308.4258      29678.                
   12    346.9462320   32.246691    240.0099      40190.                
   13   -305.8412902   30.599444    222.9725      42354.                
   14    249.6173246    2.147012    106.5937     603630.                
   15   -199.1027200   10.511172    114.5182     123297.                
   16    191.0560889   42.681324    268.7809      30365.                
   17   -175.2936572   13.650058    279.6869      94945.                
   18    165.9068833    0.986922     39.6448    1313174.                
   19    161.1285917    9.874455    126.4108     131248.                
   20    139.7878093   13.013341    291.5795      99590.                
   21   -133.5228399    0.262904    307.2848    4929556.                
   22    117.0673811    0.004952     18.9300  261712439.                
   23    104.6907281    1.142024    273.7596    1134827.                
   24     95.3227476   63.219948    143.8050      20500.                
   25     86.7824524    0.205021    191.8927    6321304.                
   26     86.0857729    2.151964    125.5237     602241.                
   27     70.5893698   64.230478    172.7351      20177.                
   28    -69.9719343   43.836462    316.7998      29564.                
   29    -62.5817473   47.439436    319.6024      27319.                
   30     61.5450059    1.384343     69.7526     936184.                
   31    -57.9364011    7.437771    123.5968     174246.                
   32     57.1899832   18.829299    217.6432      68829.                
   33    -57.0236109    9.500642     85.5882     136412.                
   34    -54.2119253    0.431696    156.2147    3002113.                
   35     53.2834147    1.160090     66.9489    1117155.                
   36     52.1223575   55.782177     20.2082      23233.                
   37    -49.0059908   12.639528    250.7568     102535.                
   38    -48.3118757    1.155138     48.0188    1121944.                
   39    -45.4191685    0.168216      8.3739    7704380.                
   40    -42.2357920    1.647247     17.0374     786767.                
   41    -34.7971099   10.884985    155.3409     119063.                
   42     34.4623613    5.610937     94.1709     230977.                
   43    -33.8356643   12.658184    221.1120     102384.                
   44     33.6689362    1.010530     28.9300    1282495.                
   45    -31.2521586    1.983748    117.1498     653309.                
   46    -30.8798701   14.023871    320.5095      92414.                
   47     28.4640769    0.560178    262.3602    2313550.                
   48    -27.1960802    1.273434    336.2148    1017721.                
   49     27.0860736   12.021467    233.0046     107807.                
   50    -26.3437456   62.583231    155.6977      20708.                
   51     24.7253740   63.593761    184.6277      20379.                
   52     24.6732126   76.438310    267.2772      16955.                
   53     24.4272733    4.280910     78.9281     302739.                
   54     24.0127327   13.218362    123.4722      98045.                
   55     21.7150294   17.818769    188.7132      72732.                
   56    -21.5375347    8.359495    180.1364     155033.                
   57     18.1148363   56.792707     49.1382      22820.                
   58    -16.9603104    8.448301    152.5268     153404.                
   59    -16.1765215    1.978796     98.2198     654944.                
   60     15.5567653    8.863925     97.4808     146211.                
   61     15.4846529    0.186365    221.5376    6954095.                
   62     15.2150632    8.996212    168.2438     144061.                
   63     14.5047426    6.771027    161.1199     191404.                
   64    -14.3873316   45.815258     55.0196      28288.                
   65     13.1351419   12.002811    262.6495     107975.                
   66     12.8776311   75.278220    200.3284      17216.                
   67     11.9867234   65.241008    201.6651      19865.                
   68     11.9385578   18.870667    294.6547      68678.                
   69     11.7030822   22.009553     99.8233      58884.                
   70     11.6018181   64.604291    213.5577      20061.                
   71    -11.2617293   11.498094    154.1631     112714.                
   72    -10.4664199    0.578834    232.7153    2238984.                
   73     10.4333970    9.237738    138.3034     140294.                
   74    -10.2377466   49.747842    204.6609      26051.                
   75     10.1934446    2.147012    106.5938     603630.                
   76    -10.1280191    1.196895    250.4676    1082802.                
   77     10.0289441    2.133898    332.3345     607339.                
   78    -10.0034259    0.173168     27.3039    7484062.                
   79      9.9787092   12.207832     94.5422     106161.                
   80      9.9334876   18.455486    176.8206      70223.                
   81     -9.7403609    0.991874     58.5750    1306618.                
   82     -9.5189048   11.647654    192.1819     111267.                
   83      9.5053529   12.058272     56.5233     107478.                
   84      9.3548668   63.856665    131.9124      20295.                
   85     -9.1298013    7.811584    164.4194     165907.                
   86      9.0636570   10.861377    166.0557     119322.                
   87      8.9035159   12.376624    303.4721     104714.                
   88      8.7636200   56.155990     61.0309      23079.                
   89      8.5661119   77.448840    296.2073      16734.                
   90     -8.1803990   62.209418    114.8750      20833.                
   91      8.1658192    6.801054    135.4894     190559.                
   92      8.0127428   26.267070    341.2401      49339.                
   93     -7.9078400    2.021060     57.8600     641248.                
   94      6.8065152   48.344406    256.6114      26808.                
   95     -6.8012388   19.466016    205.7506      66578.                
   96     -6.5482243   55.145460     32.1008      23501.                
   97      6.5036876   69.000539    143.6804      18782.                
   98     -6.2587106    2.611100    304.2277     496343.                
   99     -6.0543620    0.076539     85.7472   16932544.                
  100     -5.9480939   13.031997    261.9346      99448.                
  101     -5.6496130   14.792082    193.4464      87614.                
  102      5.4558663   11.147889    102.6256     116255.                
  103      5.3671236   74.291298    160.6835      17445.                
  104     -5.2582972    0.805509    197.0373    1608921.                
  105      5.1521708    7.757949    200.7648     167054.                
  106     -4.9741012    9.370025    209.0664     138313.                
  107     -4.9407205    2.999837    149.9433     432023.                
  108      4.8673717   14.286775    267.7943      90713.                
  109      4.4883255   14.155365    205.3390      91555.                
  110      4.4710561   76.288750    229.2584      16988.                
  111      4.4502096    1.160090     66.9488    1117155.                
  112      4.3134540   12.844549     82.6496     100899.                
  113     -4.1973907   62.957044    196.5203      20585.                
  114      4.1468233   76.812123    308.0999      16872.                
  115      4.1289418   11.047742     27.5932     117309.                
  116     -4.0804372    7.985682    139.3138     162290.                
  117      3.8544019   11.521702    143.4482     112483.                
  118      3.7144761   11.666310    162.5371     111089.                
  119     -3.7058536    0.691431    264.8848    1874374.                
  120     -3.6039685   15.829462     67.6999      81873.                
  121      3.4633358   14.660588    308.6169      88400.                
  122      3.3934194   67.840449     76.7315      19104.                
  123      3.2495408   64.867195    160.8425      19979.                
  124     -3.1962125   10.487564    125.2331     123575.                
  125     -3.1018487   75.801593    279.1699      17097.                
  126     -2.9869572   11.029593    174.4297     117502.                
  127      2.9053468   10.079476    318.3036     128578.                
  128      2.8710713    6.427241     94.6668     201642.                
  129      2.8474431   18.192582    229.5358      71238.                
  130      2.8072580   63.967574    225.4504      20260.                
  131     -2.6977995   18.137868    312.7585      71453.                
  132     -2.6939059   13.855079    111.5796      93540.                
  133      2.6278891    1.570708    291.2903     825106.                
  134      2.5629426   11.010937    204.0746     117701.                
  135      2.4549380   56.418894      8.3156      22971.                
  136     -2.4459765    8.074488    111.7042     160506.                
  137     -2.2879511    6.602811    152.7459     196280.                
  138      2.2240676   13.218362    123.4722      98045.                
  139      2.1936743   21.017679     41.2483      61662.                
  140      2.1643716   75.652033    241.1510      17131.                
  141     -2.1578001   19.839829    246.5733      65323.                
  142     -2.1449698   54.771647    351.2782      23662.                
  143      2.1178589    2.283964      5.1448     567435.                
  144     -2.0399246    3.771190     11.1766     343658.                
  145     -1.9986757    4.919506    189.2862     263441.                
  146     -1.9740272   11.871907    194.9858     109165.                
  147     -1.9729277   75.446436    208.7023      17178.                
  148      1.9642270    3.293988     39.2833     393444.                
  149      1.9170476   11.671262    181.4671     111042.                
  150      1.8635029   75.301828    189.6135      17211.                
  151     -1.7835526   79.049410    211.5050      16395.                
  152      1.7480751   11.684459     15.7006     110917.                
  153      1.7325495   11.384750    244.8972     113836.                
  154     -1.6189018   74.641503    212.2210      17363.                
  155     -1.6053041   14.210236    182.0471      91202.                
  156      1.5795820   88.496582    323.8006      14645.                
  157     -1.5697454   13.781552    164.5164      94039.                
  158      1.5688856   61.946514    167.5903      20921.                
  159     -1.5415361   11.034545    193.3597     117449.                
  160      1.5231095   89.656672     30.7494      14455.                
  161     -1.4225720   14.818932     38.7699      87456.                
  162      1.4222630   10.060820    347.9484     128817.                
  163      1.4139192   66.853527     37.0866      19386.                
  164      1.3829876   11.071350     16.8784     117059.                
  165      1.2804392    0.841738    180.0001    1539671.                
  166      1.2685766    1.215551    220.8227    1066183.                
  167      1.2657994   12.581645    135.3649     103007.                
  168      1.1854967   10.006742    197.1738     129513.                
  169      1.1843073   20.656133    247.0691      62742.                
  170      1.1718947    1.910151    324.3222     678480.                
  171      1.1613279   77.075027    255.3846      16815.                
  172     -1.0532169   12.694989     44.6307     102088.                
  173      1.0527498   10.655780    133.6070     121624.                
  174     -1.0323433   17.127338    283.8284      75669.                
  175      1.0280075   61.572701    126.7676      21048.                
  176     -1.0164723   75.427780    238.3472      17182.                
  177     -1.0053342   12.226488     64.8972     105999.                
